10,2.6796,7.3908,2.7007,1.4959
20,7.7111,18.074,9.1015,5.0272
30,11.906,29.633,14.376,7.9411
40,17.292,40.385,21.212,11.563
50,22.017,49.414,29.023,17.982
60,27.755,62.186,32.784,20.424
70,31.163,69.005,40.584,25.388
80,37.19,81.81,48.772,30.819
90,43.354,94.017,62.108,38.002
100,49.779,106.57,77.138,42.56
110,55.625,117.5,92.65,47.597
120,62.058,129.59,118.59,52.164
130,65.992,138.45,134.29,59.509
140,71.134,148.4,151.4,64.215
150,76.654,156.33,170.49,68.481
160,82.988,166.4,192.21,72.356
170,90.777,179.33,222.28,81.646
180,97.044,189.67,254.93,85.428
190,103.01,198.89,280.7,90.643
200,106.58,205.78,305.53,93.318
