10,2.2927,3.6954,2.3843,1.7311
20,6.3464,9.037,5.482,5.1125
30,9.2759,14.817,7.0264,7.9035
40,13.412,20.192,9.6626,10.896
50,16.74,24.707,11.652,14.801
60,20.82,31.093,13.944,19.022
70,23.418,34.503,15.856,20.697
80,27.572,40.905,17.737,25.279
90,32.089,47.009,19.976,29.679
100,36.274,53.283,21.693,33.82
110,40.21,58.752,23.643,34.506
120,44.363,64.794,25.793,37.496
130,47.181,69.224,27.587,43.45
140,50.796,74.202,29.176,46.457
150,54.634,78.164,30.847,50.051
160,58.822,83.201,32.757,52.138
170,63.687,89.663,35.121,59.092
180,67.804,94.833,37.103,61.393
190,72.102,99.447,39.647,65.284
200,75.037,102.89,41.591,68.303
