10,2.4862,5.5431,2.5425,1.6135
20,7.0288,13.556,7.2918,5.0699
30,10.591,22.225,10.701,7.9223
40,15.352,30.289,15.437,11.23
50,19.378,37.061,20.337,16.392
60,24.287,46.639,23.364,19.723
70,27.29,51.754,28.22,23.042
80,32.381,61.357,33.255,28.049
90,37.721,70.513,41.042,33.84
100,43.026,79.925,49.416,38.19
110,47.918,88.128,58.147,41.052
120,53.21,97.19,72.191,44.83
130,56.587,103.84,80.941,51.479
140,60.965,111.3,90.29,55.336
150,65.644,117.25,100.67,59.266
160,70.905,124.8,112.48,62.247
170,77.232,134.49,128.7,70.369
180,82.424,142.25,146.02,73.41
190,87.557,149.17,160.17,77.963
200,90.809,154.34,173.56,80.81
