1,0,1.3945,0.99724,1.3945,0.013945,0.19945
2,1,0.56582,0.5632,0.56582,0.0056582,0.11264
3,0,1.8093,0.3348,1.8093,0.018093,0.06696
4,1,0.69122,0.97145,0.69122,0.0069122,0.19429
5,0,0.094324,0.57672,0.094324,0.00094324,0.11534
6,1,0.75194,0.48553,0.75194,0.0075194,0.097105
7,0,0.64835,0.22243,0.64835,0.0064835,0.044486
8,1,0.40064,0.39647,0.40064,0.0040064,0.079294
9,0,0.050147,0.96409,0.050147,0.00050147,0.19282
10,1,0.67617,0.51622,0.67617,0.0067617,0.10324
11,0,1.7799,0.67591,1.7799,0.017799,0.13518
12,1,1.1073,0.6673,1.1073,0.011073,0.13346
13,0,1.9932,0.41191,1.9932,0.019932,0.082382
14,1,1.3669,0.5286,1.3669,0.013669,0.10572
15,0,1.9805,0.056136,1.9805,0.019805,0.011227
16,1,1.3422,0.44605,1.3422,0.013422,0.089209
17,0,1.9973,0.51845,1.9973,0.019973,0.10369
18,1,1.3275,0.60374,1.3275,0.013275,0.12075
19,0,1.1496,0.12826,1.1496,0.011496,0.025652
20,1,1.6512,0.74039,1.6512,0.016512,0.14808
21,0,0.48262,0.86504,0.48262,0.0048262,0.17301
22,1,1.4129,0.16435,1.4129,0.014129,0.032869
23,0,1.3795,0.02301,1.3795,0.013795,0.004602
24,1,0.52938,0.70557,0.52938,0.0052938,0.14111
25,0,1.1166,0.57756,1.1166,0.011166,0.11551
26,1,1.1328,0.72553,1.1328,0.011328,0.14511
27,0,0.12738,0.24613,0.12738,0.0012738,0.049225
28,1,0.65153,0.48724,0.65153,0.0065153,0.097448
29,0,1.2096,0.12644,1.2096,0.012096,0.025287
30,1,1.1564,0.26267,1.1564,0.011564,0.052534
31,0,1.7962,0.16189,1.7962,0.017962,0.032377
32,1,1.9494,0.36938,1.9494,0.019494,0.073875
33,0,0.067373,0.7087,0.067373,0.00067373,0.14174
34,1,1.1507,0.30777,1.1507,0.011507,0.061554
35,0,1.2309,0.1022,1.2309,0.012309,0.020441
36,1,1.9396,0.45541,1.9396,0.019396,0.091081
37,0,1.8849,0.17934,1.8849,0.018849,0.035868
38,1,1.2819,0.6848,1.2819,0.012819,0.13696
39,0,0.70754,0.03027,0.70754,0.0070754,0.006054
40,1,1.1797,0.14483,1.1797,0.011797,0.028966
41,0,1.4008,0.69516,1.4008,0.014008,0.13903
42,1,0.74968,0.71112,0.74968,0.0074968,0.14222
43,0,1.1562,0.52769,1.1562,0.011562,0.10554
44,1,1.3081,0.45942,1.3081,0.013081,0.091885
45,0,0.1784,0.78149,0.1784,0.001784,0.1563
46,1,1.7423,0.9168,1.7423,0.017423,0.18336
47,0,0.36069,0.86217,0.36069,0.0036069,0.17243
48,1,0.23256,0.97907,0.23256,0.0023256,0.19581
49,0,0.44561,0.014523,0.44561,0.0044561,0.0029046
50,1,1.4552,0.48109,1.4552,0.014552,0.096218
51,0,0.9629,0.42559,0.9629,0.009629,0.085118
52,1,1.6646,0.4571,1.6646,0.016646,0.091421
53,0,0.332,0.63205,0.332,0.00332,0.12641
54,1,1.7425,0.26169,1.7425,0.017425,0.052338
55,0,1.3267,0.11832,1.3267,0.013267,0.023665
56,1,1.7411,0.41397,1.7411,0.017411,0.082794
57,0,0.032618,0.86862,0.032618,0.00032618,0.17372
58,1,0.46393,0.41957,0.46393,0.0046393,0.083914
59,0,0.95602,0.84717,0.95602,0.0095602,0.16943
60,1,0.71496,0.55888,0.71496,0.0071496,0.11178
61,0,0.50479,0.23866,0.50479,0.0050479,0.047732
62,1,0.94121,0.12118,0.94121,0.0094121,0.024236
63,0,0.96732,0.3495,0.96732,0.0096732,0.0699
64,1,0.0048818,0.74507,0.0048818,4.8818e-05,0.14901
65,0,0.23733,0.34431,0.23733,0.0023733,0.068862
66,1,0.31466,0.31469,0.31466,0.0031466,0.062938
67,0,1.295,0.27203,1.295,0.01295,0.054405
68,1,1.4405,0.10027,1.4405,0.014405,0.020054
69,0,1.4459,0.21185,1.4459,0.014459,0.04237
70,1,1.1992,0.846,1.1992,0.011992,0.1692
71,0,1.3177,0.42457,1.3177,0.013177,0.084913
72,1,1.3638,0.40028,1.3638,0.013638,0.080057
73,0,1.6937,0.96735,1.6937,0.016937,0.19347
74,1,1.5937,0.67533,1.5937,0.015937,0.13507
75,0,1.2875,0.46708,1.2875,0.012875,0.093415
76,1,1.2293,0.60456,1.2293,0.012293,0.12091
77,0,0.56653,0.43307,0.56653,0.0056653,0.086615
78,1,0.47466,0.90831,0.47466,0.0047466,0.18166
79,0,1.0596,0.55859,1.0596,0.010596,0.11172
80,1,0.12023,0.81361,0.12023,0.0012023,0.16272
81,0,0.47116,0.51245,0.47116,0.0047116,0.10249
82,1,1.6541,0.23284,1.6541,0.016541,0.046567
83,0,0.88143,0.62681,0.88143,0.0088143,0.12536
84,1,1.3163,0.19531,1.3163,0.013163,0.039062
85,0,1.5986,0.51826,1.5986,0.015986,0.10365
86,1,0.89513,0.21832,0.89513,0.0089513,0.043663
87,0,0.15935,0.49133,0.15935,0.0015935,0.098266
88,1,0.79788,0.36397,0.79788,0.0079788,0.072795
89,0,1.9827,0.0051169,1.9827,0.019827,0.0010234
90,1,1.8062,0.66534,1.8062,0.018062,0.13307
91,0,0.93922,0.24717,0.93922,0.0093922,0.049434
92,1,0.12802,0.8581,0.12802,0.0012802,0.17162
93,0,1.7378,0.50976,1.7378,0.017378,0.10195
94,1,0.1915,0.92407,0.1915,0.001915,0.18481
95,0,0.16724,0.4775,0.16724,0.0016724,0.095499
96,1,0.53594,0.2579,0.53594,0.0053594,0.05158
97,0,0.24313,0.44748,0.24313,0.0024313,0.089496
98,1,1.6664,0.22835,1.6664,0.016664,0.04567
99,0,0.54844,0.43361,0.54844,0.0054844,0.086722
100,1,1.8854,0.82578,1.8854,0.018854,0.16516
101,0,1.5106,0.15534,1.5106,0.015106,0.031068
102,1,1.541,0.18765,1.541,0.01541,0.037531
103,0,0.50624,0.85453,0.50624,0.0050624,0.17091
104,1,1.3915,0.37549,1.3915,0.013915,0.075099
105,0,0.75495,0.49425,0.75495,0.0075495,0.09885
106,1,1.0077,0.42248,1.0077,0.010077,0.084495
107,0,0.95169,0.99192,0.95169,0.0095169,0.19838
108,1,1.6314,0.9373,1.6314,0.016314,0.18746
109,0,0.1095,0.017529,0.1095,0.001095,0.0035058
110,1,1.0377,0.66785,1.0377,0.010377,0.13357
111,0,0.62531,0.71099,0.62531,0.0062531,0.1422
112,1,1.5875,0.33503,1.5875,0.015875,0.067007
113,0,1.9911,0.18345,1.9911,0.019911,0.03669
114,1,1.6669,0.40238,1.6669,0.016669,0.080476
115,0,1.9807,0.49823,1.9807,0.019807,0.099645
116,1,0.51728,0.35979,0.51728,0.0051728,0.071958
117,0,0.32976,0.62932,0.32976,0.0032976,0.12586
118,1,0.76164,0.11468,0.76164,0.0076164,0.022936
119,0,1.5656,0.24851,1.5656,0.015656,0.049702
120,1,0.083923,0.3651,0.083923,0.00083923,0.07302
121,0,0.28625,0.42306,0.28625,0.0028625,0.084612
122,1,1.0533,0.48511,1.0533,0.010533,0.097022
123,0,0.3054,0.93782,0.3054,0.003054,0.18756
124,1,1.0227,0.92054,1.0227,0.010227,0.18411
125,0,0.37168,0.70855,0.37168,0.0037168,0.14171
126,1,1.4885,0.18086,1.4885,0.014885,0.036172
127,0,0.83635,0.41704,0.83635,0.0083635,0.083408
128,1,1.8429,0.31984,1.8429,0.018429,0.063968
129,0,1.1064,0.27342,1.1064,0.011064,0.054683
130,1,0.2778,0.81853,0.2778,0.002778,0.16371
131,0,1.1948,0.30609,1.1948,0.011948,0.061217
132,1,1.203,0.51297,1.203,0.01203,0.10259
133,0,1.017,0.71584,1.017,0.01017,0.14317
134,1,1.3116,0.5404,1.3116,0.013116,0.10808
135,0,1.3273,0.070706,1.3273,0.013273,0.014141
136,1,0.93411,0.95631,0.93411,0.0093411,0.19126
137,0,0.70369,0.50788,0.70369,0.0070369,0.10158
138,1,1.4075,0.62848,1.4075,0.014075,0.1257
139,0,1.693,0.82051,1.693,0.01693,0.1641
140,1,1.8233,0.65924,1.8233,0.018233,0.13185
141,0,1.2481,0.95707,1.2481,0.012481,0.19141
142,1,1.2183,0.7229,1.2183,0.012183,0.14458
143,0,0.40032,0.7638,0.40032,0.0040032,0.15276
144,1,1.6077,0.35569,1.6077,0.016077,0.071139
145,0,0.58993,0.35561,0.58993,0.0058993,0.071121
146,1,1.1424,0.11483,1.1424,0.011424,0.022966
147,0,0.23706,0.035663,0.23706,0.0023706,0.0071326
148,1,0.010593,0.53428,0.010593,0.00010593,0.10686
149,0,1.5457,0.2405,1.5457,0.015457,0.048099
150,1,0.82593,0.39472,0.82593,0.0082593,0.078945
151,0,1.9503,0.67178,1.9503,0.019503,0.13436
152,1,1.132,0.40899,1.132,0.01132,0.081797
153,0,1.9848,0.0080252,1.9848,0.019848,0.001605
154,1,0.63598,0.087757,0.63598,0.0063598,0.017551
155,0,1.572,0.53143,1.572,0.01572,0.10629
156,1,0.75283,0.39923,0.75283,0.0075283,0.079845
157,0,1.5125,0.62402,1.5125,0.015125,0.1248
158,1,0.41815,0.99065,0.41815,0.0041815,0.19813
159,0,1.4638,0.69374,1.4638,0.014638,0.13875
160,1,1.6056,0.55247,1.6056,0.016056,0.11049
161,0,1.1555,0.47666,1.1555,0.011555,0.095332
162,1,0.031428,0.78801,0.031428,0.00031428,0.1576
163,0,0.70229,0.90997,0.70229,0.0070229,0.18199
164,1,1.1249,0.52179,1.1249,0.011249,0.10436
165,0,1.1884,0.11306,1.1884,0.011884,0.022612
166,1,0.37303,0.7231,0.37303,0.0037303,0.14462
167,0,1.5836,0.95434,1.5836,0.015836,0.19087
168,1,0.24301,0.041974,0.24301,0.0024301,0.0083947
169,0,1.2553,0.12878,1.2553,0.012553,0.025756
170,1,0.77562,0.75293,0.77562,0.0077562,0.15059
171,0,1.7238,0.11636,1.7238,0.017238,0.023272
172,1,1.0491,0.63033,1.0491,0.010491,0.12607
173,0,0.09683,0.58715,0.09683,0.0009683,0.11743
174,1,1.0097,0.40612,1.0097,0.010097,0.081224
175,0,1.1391,0.99439,1.1391,0.011391,0.19888
176,1,1.1627,0.43391,1.1627,0.011627,0.086783
177,0,0.19903,0.037509,0.19903,0.0019903,0.0075018
178,1,0.21731,0.035514,0.21731,0.0021731,0.0071028
179,0,0.56272,0.39925,0.56272,0.0056272,0.07985
180,1,1.0362,0.61707,1.0362,0.010362,0.12341
181,0,0.19365,0.36587,0.19365,0.0019365,0.073174
182,1,1.7725,0.25596,1.7725,0.017725,0.051192
183,0,0.16743,0.17908,0.16743,0.0016743,0.035816
184,1,1.7664,0.16211,1.7664,0.017664,0.032422
185,0,0.56519,0.23211,0.56519,0.0056519,0.046423
186,1,1.4778,0.52233,1.4778,0.014778,0.10447
187,0,0.28869,0.75522,0.28869,0.0028869,0.15104
188,1,1.6639,0.75216,1.6639,0.016639,0.15043
189,0,0.53603,0.63762,0.53603,0.0053603,0.12752
190,1,1.5376,0.25779,1.5376,0.015376,0.051558
191,0,0.76876,0.66056,0.76876,0.0076876,0.13211
192,1,0.14148,0.35644,0.14148,0.0014148,0.071289
193,0,0.2671,0.35848,0.2671,0.002671,0.071695
194,1,0.16514,0.9076,0.16514,0.0016514,0.18152
195,0,0.45011,0.82464,0.45011,0.0045011,0.16493
196,1,1.9182,0.54446,1.9182,0.019182,0.10889
197,0,0.16713,0.16714,0.16713,0.0016713,0.033429
198,1,1.3987,0.93668,1.3987,0.013987,0.18734
199,0,1.9694,0.14425,1.9694,0.019694,0.02885
200,1,1.6759,0.05357,1.6759,0.016759,0.010714
201,0,0.92153,0.12925,0.92153,0.0092153,0.025849
202,1,1.7834,0.082314,1.7834,0.017834,0.016463
203,0,1.621,0.1225,1.621,0.01621,0.024501
204,1,0.54902,0.22898,0.54902,0.0054902,0.045795
205,0,0.55387,0.22321,0.55387,0.0055387,0.044641
206,1,1.7337,0.046778,1.7337,0.017337,0.0093556
207,0,1.5761,0.98064,1.5761,0.015761,0.19613
208,1,1.1859,0.76033,1.1859,0.011859,0.15207
209,0,0.24742,0.46291,0.24742,0.0024742,0.092582
210,1,1.3339,0.45496,1.3339,0.013339,0.090992
211,0,0.125,0.94494,0.125,0.00125,0.18899
212,1,0.52431,0.54568,0.52431,0.0052431,0.10914
213,0,1.4452,0.53024,1.4452,0.014452,0.10605
214,1,0.5414,0.87456,0.5414,0.005414,0.17491
215,0,0.55035,0.36467,0.55035,0.0055035,0.072934
216,1,1.4009,0.53647,1.4009,0.014009,0.10729
217,0,1.194,0.518,1.194,0.01194,0.1036
218,1,1.8962,0.73434,1.8962,0.018962,0.14687
219,0,0.080217,0.91993,0.080217,0.00080217,0.18399
220,1,1.1747,0.78987,1.1747,0.011747,0.15797
221,0,0.085744,0.3597,0.085744,0.00085744,0.071941
222,1,0.17278,0.99076,0.17278,0.0017278,0.19815
223,0,1.0639,0.27525,1.0639,0.010639,0.05505
224,1,0.55194,0.17932,0.55194,0.0055194,0.035864
225,0,1.4544,0.051875,1.4544,0.014544,0.010375
226,1,0.39954,0.15195,0.39954,0.0039954,0.03039
227,0,0.083376,0.94091,0.083376,0.00083376,0.18818
228,1,1.2751,0.50036,1.2751,0.012751,0.10007
229,0,1.6431,0.17926,1.6431,0.016431,0.035853
230,1,0.23438,0.42204,0.23438,0.0023438,0.084407
231,0,0.64194,0.40314,0.64194,0.0064194,0.080629
232,1,0.31116,0.44606,0.31116,0.0031116,0.089211
233,0,1.1215,0.34566,1.1215,0.011215,0.069131
234,1,0.632,0.78647,0.632,0.00632,0.15729
235,0,0.37472,0.81866,0.37472,0.0037472,0.16373
236,1,0.23386,0.97052,0.23386,0.0023386,0.1941
237,0,0.24141,0.049979,0.24141,0.0024141,0.0099959
238,1,0.41425,0.37227,0.41425,0.0041425,0.074453
239,0,0.073139,0.82809,0.073139,0.00073139,0.16562
240,1,0.28208,0.98545,0.28208,0.0028208,0.19709
241,0,1.8354,0.32398,1.8354,0.018354,0.064796
242,1,1.3256,0.43912,1.3256,0.013256,0.087824
243,0,0.50928,0.32982,0.50928,0.0050928,0.065964
244,1,1.4088,0.31192,1.4088,0.014088,0.062385
245,0,0.09411,0.015355,0.09411,0.0009411,0.0030709
246,1,1.35,0.01157,1.35,0.0135,0.002314
247,0,0.46373,0.5242,0.46373,0.0046373,0.10484
248,1,1.2894,0.67789,1.2894,0.012894,0.13558
249,0,0.38119,0.96724,0.38119,0.0038119,0.19345
250,1,0.43493,0.71859,0.43493,0.0043493,0.14372
251,0,0.42596,0.71831,0.42596,0.0042596,0.14366
252,1,1.8394,0.45828,1.8394,0.018394,0.091656
253,0,0.72291,0.90315,0.72291,0.0072291,0.18063
254,1,1.3233,0.70627,1.3233,0.013233,0.14125
255,0,0.35685,0.70433,0.35685,0.0035685,0.14087
256,1,0.46383,0.95904,0.46383,0.0046383,0.19181
257,0,1.7671,0.89051,1.7671,0.017671,0.1781
258,1,0.96843,0.88289,0.96843,0.0096843,0.17658
259,0,0.78563,0.65188,0.78563,0.0078563,0.13038
260,1,1.7075,0.49874,1.7075,0.017075,0.099749
261,0,1.3809,0.070471,1.3809,0.013809,0.014094
262,1,1.0392,0.4931,1.0392,0.010392,0.09862
263,0,0.18694,0.30561,0.18694,0.0018694,0.061121
264,1,0.46394,0.60307,0.46394,0.0046394,0.12061
265,0,0.93507,0.73941,0.93507,0.0093507,0.14788
266,1,1.2629,0.69249,1.2629,0.012629,0.1385
267,0,0.14898,0.010776,0.14898,0.0014898,0.0021552
268,1,1.5848,0.66445,1.5848,0.015848,0.13289
269,0,1.9073,0.81087,1.9073,0.019073,0.16217
270,1,1.0647,0.62869,1.0647,0.010647,0.12574
271,0,1.6702,0.58939,1.6702,0.016702,0.11788
272,1,0.84812,0.046733,0.84812,0.0084812,0.0093466
273,0,1.6829,0.4343,1.6829,0.016829,0.08686
274,1,1.2662,0.7513,1.2662,0.012662,0.15026
275,0,1.8794,0.1842,1.8794,0.018794,0.03684
276,1,1.8451,0.30088,1.8451,0.018451,0.060175
277,0,1.2209,0.11587,1.2209,0.012209,0.023174
278,1,0.88581,0.56165,0.88581,0.0088581,0.11233
279,0,0.38291,0.70026,0.38291,0.0038291,0.14005
280,1,1.719,0.056058,1.719,0.01719,0.011212
281,0,1.952,0.80885,1.952,0.01952,0.16177
282,1,1.4951,0.81646,1.4951,0.014951,0.16329
283,0,0.89005,0.54751,0.89005,0.0089005,0.1095
284,1,1.7037,0.094469,1.7037,0.017037,0.018894
285,0,1.3044,0.035785,1.3044,0.013044,0.0071571
286,1,1.706,0.82507,1.706,0.01706,0.16501
287,0,1.6444,0.63314,1.6444,0.016444,0.12663
288,1,1.2893,0.6177,1.2893,0.012893,0.12354
289,0,1.4518,0.20576,1.4518,0.014518,0.041152
290,1,0.43405,0.50962,0.43405,0.0043405,0.10192
291,0,0.002475,0.87871,0.002475,2.475e-05,0.17574
292,1,1.8808,0.84411,1.8808,0.018808,0.16882
293,0,0.19386,0.21553,0.19386,0.0019386,0.043106
294,1,1.0079,0.20402,1.0079,0.010079,0.040805
295,0,0.4228,0.23049,0.4228,0.004228,0.046098
296,1,0.84274,0.44233,0.84274,0.0084274,0.088465
297,0,0.63419,0.61365,0.63419,0.0063419,0.12273
298,1,1.2361,0.75247,1.2361,0.012361,0.15049
299,0,0.90737,0.85117,0.90737,0.0090737,0.17023
300,1,1.7275,0.84984,1.7275,0.017275,0.16997
301,0,1.3331,0.49527,1.3331,0.013331,0.099054
302,1,0.62196,0.41826,0.62196,0.0062196,0.083652
303,0,1.727,0.48,1.727,0.01727,0.095999
304,1,0.83573,0.43724,0.83573,0.0083573,0.087448
305,0,0.75219,0.74249,0.75219,0.0075219,0.1485
306,1,0.074858,0.84555,0.074858,0.00074858,0.16911
307,0,0.64921,0.26341,0.64921,0.0064921,0.052682
308,1,0.92536,0.7603,0.92536,0.0092536,0.15206
309,0,0.91274,0.41547,0.91274,0.0091274,0.083094
310,1,1.1299,0.018687,1.1299,0.011299,0.0037375
311,0,0.95143,0.73764,0.95143,0.0095143,0.14753
312,1,0.696,0.58976,0.696,0.00696,0.11795
313,0,0.50477,0.56954,0.50477,0.0050477,0.11391
314,1,0.54302,0.14759,0.54302,0.0054302,0.029519
315,0,0.46427,0.62765,0.46427,0.0046427,0.12553
316,1,1.0344,0.48122,1.0344,0.010344,0.096244
317,0,0.56176,0.1016,0.56176,0.0056176,0.02032
318,1,1.8647,0.91353,1.8647,0.018647,0.18271
319,0,1.4822,0.52453,1.4822,0.014822,0.10491
320,1,1.2044,0.79674,1.2044,0.012044,0.15935
321,0,0.21379,0.27205,0.21379,0.0021379,0.054409
322,1,1.5256,0.61714,1.5256,0.015256,0.12343
323,0,1.8847,0.56608,1.8847,0.018847,0.11322
324,1,1.5239,0.071276,1.5239,0.015239,0.014255
325,0,0.73767,0.9936,0.73767,0.0073767,0.19872
326,1,1.5878,0.74819,1.5878,0.015878,0.14964
327,0,1.8223,0.19612,1.8223,0.018223,0.039224
328,1,0.10025,0.12433,0.10025,0.0010025,0.024866
329,0,1.1342,0.54437,1.1342,0.011342,0.10887
330,1,0.34175,0.84094,0.34175,0.0034175,0.16819
331,0,1.7729,0.21381,1.7729,0.017729,0.042761
332,1,0.51241,0.67322,0.51241,0.0051241,0.13464
333,0,0.29361,0.017284,0.29361,0.0029361,0.0034569
334,1,0.20261,0.5774,0.20261,0.0020261,0.11548
335,0,1.8601,0.45015,1.8601,0.018601,0.09003
336,1,1.3926,0.12159,1.3926,0.013926,0.024318
337,0,0.29255,0.81763,0.29255,0.0029255,0.16353
338,1,0.94621,0.64783,0.94621,0.0094621,0.12957
339,0,1.7971,0.96586,1.7971,0.017971,0.19317
340,1,0.2494,0.85108,0.2494,0.002494,0.17022
341,0,1.6429,0.45849,1.6429,0.016429,0.091697
342,1,1.091,0.79532,1.091,0.01091,0.15906
343,0,0.27678,0.75883,0.27678,0.0027678,0.15177
344,1,0.71133,0.82181,0.71133,0.0071133,0.16436
345,0,1.2352,0.7291,1.2352,0.012352,0.14582
346,1,0.64045,0.60655,0.64045,0.0064045,0.12131
347,0,0.94308,0.40684,0.94308,0.0094308,0.081367
348,1,0.97893,0.42635,0.97893,0.0097893,0.085269
349,0,1.9859,0.59102,1.9859,0.019859,0.1182
350,1,1.6473,0.47776,1.6473,0.016473,0.095551
351,0,1.2762,0.96503,1.2762,0.012762,0.19301
352,1,0.035184,0.59318,0.035184,0.00035184,0.11864
353,0,1.7883,0.89451,1.7883,0.017883,0.1789
354,1,0.23426,0.61916,0.23426,0.0023426,0.12383
355,0,0.52037,0.46069,0.52037,0.0052037,0.092138
356,1,0.63963,0.78335,0.63963,0.0063963,0.15667
357,0,0.066361,0.11084,0.066361,0.00066361,0.022168
358,1,1.9196,0.3465,1.9196,0.019196,0.0693
359,0,0.3708,0.74485,0.3708,0.003708,0.14897
360,1,0.096438,0.0092072,0.096438,0.00096438,0.0018414
361,0,1.5475,0.25043,1.5475,0.015475,0.050086
362,1,1.8551,0.17015,1.8551,0.018551,0.03403
363,0,1.3492,0.90867,1.3492,0.013492,0.18173
364,1,0.2582,0.019889,0.2582,0.002582,0.0039777
365,0,1.4709,0.79586,1.4709,0.014709,0.15917
366,1,0.063651,0.20915,0.063651,0.00063651,0.04183
367,0,1.1084,0.83534,1.1084,0.011084,0.16707
368,1,0.54979,0.15086,0.54979,0.0054979,0.030172
369,0,0.19299,0.18942,0.19299,0.0019299,0.037885
370,1,1.7407,0.20061,1.7407,0.017407,0.040123
371,0,0.32257,0.58497,0.32257,0.0032257,0.11699
372,1,0.82301,0.83211,0.82301,0.0082301,0.16642
373,0,0.58408,0.9377,0.58408,0.0058408,0.18754
374,1,0.78,0.48252,0.78,0.0078,0.096504
375,0,0.57983,0.3233,0.57983,0.0057983,0.06466
376,1,0.50974,0.64747,0.50974,0.0050974,0.12949
377,0,1.5324,0.5754,1.5324,0.015324,0.11508
378,1,1.4437,0.7589,1.4437,0.014437,0.15178
379,0,0.78007,0.98413,0.78007,0.0078007,0.19683
380,1,0.23919,0.67263,0.23919,0.0023919,0.13453
381,0,1.3303,0.4489,1.3303,0.013303,0.08978
382,1,1.4918,0.88659,1.4918,0.014918,0.17732
383,0,0.38154,0.56752,0.38154,0.0038154,0.1135
384,1,1.166,0.86548,1.166,0.01166,0.1731
385,0,0.64615,0.48846,0.64615,0.0064615,0.097692
386,1,0.68966,0.23944,0.68966,0.0068966,0.047888
387,0,0.87196,0.59776,0.87196,0.0087196,0.11955
388,1,1.0104,0.27689,1.0104,0.010104,0.055378
389,0,0.98627,0.98626,0.98627,0.0098627,0.19725
390,1,1.4794,0.21896,1.4794,0.014794,0.043793
391,0,1.5264,0.25642,1.5264,0.015264,0.051283
392,1,1.9217,0.93469,1.9217,0.019217,0.18694
393,0,0.97427,0.53859,0.97427,0.0097427,0.10772
394,1,1.5008,0.67437,1.5008,0.015008,0.13487
395,0,1.832,0.83294,1.832,0.01832,0.16659
396,1,0.38744,0.40386,0.38744,0.0038744,0.080773
397,0,1.592,0.37916,1.592,0.01592,0.075831
398,1,1.7534,0.92436,1.7534,0.017534,0.18487
399,0,1.8108,0.12276,1.8108,0.018108,0.024553
400,1,0.053598,0.87441,0.053598,0.00053598,0.17488
