1,0,0.88332,0.26858
2,0,0.081304,0.93245
3,0,0.35022,0.66306
4,0,0.47257,0.12517
5,0,0.31279,0.87628
6,0,1.7481,0.55969
7,0,0.27901,0.90586
8,0,1.2234,0.54533
9,0,0.85426,0.86462
10,0,1.1858,0.21967
11,0,0.26945,0.9599
12,0,0.77311,0.98611
13,0,0.82006,0.58923
14,0,0.99435,0.95668
15,0,1.6743,0.68877
16,0,0.51051,0.22546
17,0,1.7911,0.92464
18,0,1.8909,0.85364
19,0,0.47664,0.73719
20,0,1.4829,0.82279
21,0,0.0050938,0.23835
22,0,1.9541,0.18774
23,0,0.93802,0.36867
24,0,1.3058,0.58622
25,0,0.5026,0.54501
26,0,1.5369,0.89795
27,0,0.91291,0.54117
28,0,1.5568,0.2179
29,0,1.8358,0.08691
30,0,1.0109,0.19107
31,0,0.15201,0.86503
32,0,1.5029,0.92775
33,0,0.71431,0.45327
34,0,0.91462,0.98701
35,0,0.88085,0.99872
36,0,0.4289,0.96244
37,0,1.7249,0.4484
38,0,1.2321,0.26589
39,0,1.914,0.21803
40,0,1.2872,0.46376
41,0,0.30638,0.63004
42,0,0.61231,0.6077
43,0,0.086592,0.4144
44,0,1.5615,0.97591
45,0,1.7399,0.6093
46,0,1.3173,0.48553
47,0,1.984,0.56258
48,0,0.069864,0.090715
49,0,0.60802,0.34317
50,0,0.74337,0.25377
51,0,1.603,0.78042
52,0,0.62524,0.37364
53,0,0.29497,0.83565
54,0,1.039,0.82457
55,0,1.2106,0.17476
56,0,1.5374,0.54577
57,0,1.7891,0.072284
58,0,1.888,0.48364
59,0,0.8405,0.83946
60,0,1.944,0.80133
61,0,1.4915,0.073779
62,0,1.2007,0.26646
63,0,0.51273,0.28521
64,0,0.94883,0.88609
65,0,0.065964,0.83061
66,0,0.24042,0.2748
67,0,0.83506,0.76716
68,0,0.62417,0.23196
69,0,0.50261,0.58812
70,0,0.39761,0.57459
71,0,0.70601,0.20432
72,0,1.6773,0.86466
73,0,1.0469,0.91346
74,0,1.9826,0.29612
75,0,1.5201,0.077197
76,0,0.22033,0.87588
77,0,1.6579,0.034025
78,0,1.7729,0.067408
79,0,1.0968,0.62368
80,0,1.1236,0.74674
81,0,1.8606,0.28021
82,0,1.7534,0.76512
83,0,0.17315,0.10778
84,0,1.3603,0.78567
85,0,0.68234,0.99282
86,0,0.12759,0.94242
87,0,1.6308,0.50734
88,0,1.3649,0.14578
89,0,1.8164,0.12008
90,0,1.4381,0.95051
91,0,1.5017,0.30784
92,0,1.3599,0.29371
93,0,1.8517,0.11152
94,0,0.85099,0.61707
95,0,1.3834,0.074564
96,0,0.13857,0.66608
97,0,0.27771,0.90361
98,0,1.9346,0.34003
99,0,1.411,0.46478
100,0,1.839,0.51251
101,0,0.98055,0.32538
102,0,1.0939,0.088728
103,0,0.44785,0.91442
104,0,1.0245,0.83406
105,0,1.8386,0.17737
106,0,0.19777,0.69192
107,0,0.65041,0.46313
108,0,1.1269,0.69557
109,0,1.929,0.46279
110,0,1.6487,0.22155
111,0,0.79959,0.78265
112,0,1.7529,0.73806
113,0,1.9351,0.7079
114,0,0.42086,0.088833
115,0,0.32877,0.45533
116,0,1.7698,0.18049
117,0,1.5745,0.44632
118,0,0.16381,0.90655
119,0,1.7945,0.64166
120,0,1.543,0.42795
121,0,1.5404,0.73309
122,0,0.77397,0.15486
123,0,0.32504,0.027445
124,0,0.26611,0.53241
125,0,0.85476,0.70757
126,0,0.27457,0.31719
127,0,0.28071,0.35275
128,0,1.9842,0.4195
129,0,0.933,0.53578
130,0,1.6276,0.70472
131,0,1.0275,0.38601
132,0,1.4381,0.73939
133,0,1.6469,0.30493
134,0,1.0785,0.15734
135,0,0.34968,0.35835
136,0,0.34768,0.56781
137,0,1.8224,0.080035
138,0,1.5183,0.25326
139,0,0.29549,0.23245
140,0,0.43294,0.89068
141,0,1.2584,0.23765
142,0,0.055753,0.33924
143,0,1.0379,0.1681
144,0,0.74948,0.71693
145,0,0.94641,0.43698
146,0,0.58719,0.48049
147,0,1.7057,0.5529
148,0,0.54803,0.78676
149,0,0.57152,0.086799
150,0,0.46349,0.37379
151,0,1.0372,0.17442
152,0,0.73661,0.92854
153,0,1.6334,0.88772
154,0,0.89274,0.11096
155,0,0.62926,0.49824
156,0,0.2097,0.61089
157,0,1.8855,0.3879
158,0,1.2029,0.078456
159,0,1.1488,0.27381
160,0,0.69793,0.82245
161,0,1.0626,0.84444
162,0,0.75798,0.0076631
163,0,1.9951,0.88937
164,0,0.56493,0.7041
165,0,1.5187,0.46902
166,0,1.9178,0.90285
167,0,1.778,0.42226
168,0,1.1592,0.75275
169,0,1.4351,0.86127
170,0,0.73442,0.05723
171,0,0.38077,0.66044
172,0,0.12303,0.32499
173,0,1.2428,0.99125
174,0,0.01056,0.42892
175,0,1.9968,0.70307
176,0,1.7735,0.90016
177,0,1.8436,0.01678
178,0,0.43147,0.14845
179,0,0.80284,0.12312
180,0,1.7346,0.65772
181,0,1.4642,0.54413
182,0,0.57433,0.76581
183,0,1.1327,0.35788
184,0,0.55948,0.60999
185,0,1.1202,0.86848
186,0,0.34196,0.99412
187,0,0.95744,0.78378
188,0,0.15943,0.77485
189,0,1.2936,0.52016
190,0,1.6242,0.1396
191,0,0.042832,0.36342
192,0,1.1309,0.9252
193,0,0.67272,0.65776
194,0,1.0729,0.77983
195,0,0.88645,0.28448
196,0,0.56438,0.066902
197,0,1.2396,0.15037
198,0,0.072285,0.59488
199,0,0.72731,0.529
200,0,0.47933,0.50993
201,0,0.48767,0.44509
202,0,1.1401,0.29425
203,0,0.64458,0.93251
204,0,0.62698,0.95326
205,0,1.9549,0.71548
206,0,0.6941,0.71362
207,0,0.059949,0.97121
208,0,1.3838,0.015957
209,0,1.1205,0.86898
210,0,1.7085,0.69848
211,0,0.72779,0.035963
212,0,1.0202,0.0091474
213,0,1.35,0.39038
214,0,0.50663,0.057547
215,0,0.74277,0.99393
216,0,0.4465,0.10664
217,0,0.10534,0.92558
218,0,1.6325,0.013253
219,0,0.080417,0.97111
220,0,0.63531,0.46074
221,0,0.96695,0.42794
222,0,0.5831,0.72945
223,0,0.36074,0.044538
224,0,1.0102,0.95435
225,0,0.9437,0.7207
226,0,1.301,0.15621
227,0,1.4314,0.012785
228,0,0.017467,0.35233
229,0,1.9162,0.53659
230,0,1.1266,0.083819
231,0,0.30269,0.89167
232,0,1.1813,0.55434
233,0,1.987,0.031354
234,0,1.7309,0.39967
235,0,0.045078,0.59412
236,0,1.4224,0.97165
237,0,1.9804,0.40086
238,0,0.75129,0.21473
239,0,1.0189,0.19358
240,0,0.24446,0.10232
241,0,1.7662,0.33247
242,0,1.1095,0.038783
243,0,0.64103,0.11412
244,0,0.47907,0.19771
245,0,0.44228,0.45079
246,0,1.8298,0.83863
247,0,1.9221,0.37783
248,0,1.1543,0.012634
249,0,1.9683,0.035253
250,0,0.71206,0.17759
251,0,1.7387,0.35366
252,0,1.4038,0.32939
253,0,0.87582,0.22558
254,0,0.50054,0.30709
255,0,0.79751,0.75745
256,0,1.1453,0.026084
257,0,0.046584,0.12592
258,0,1.2072,0.84845
259,0,0.92571,0.84136
260,0,1.765,0.94604
261,0,0.83309,0.6239
262,0,0.4989,0.13741
263,0,0.25229,0.14245
264,0,0.30592,0.54001
265,0,1.4924,0.78967
266,0,1.4099,0.18902
267,0,0.15532,0.20977
268,0,1.8469,0.019938
269,0,1.0204,0.39847
270,0,0.66552,0.9353
271,0,1.3161,0.80305
272,0,0.17625,0.81933
273,0,1.3091,0.80169
274,0,0.27183,0.50295
275,0,1.3036,0.69727
276,0,0.6508,0.26404
277,0,1.3631,0.35401
278,0,0.76631,0.13354
279,0,0.39842,0.46848
280,0,1.9756,0.26497
281,0,0.25973,0.68941
282,0,0.89483,0.92582
283,0,1.6595,0.25438
284,0,0.10596,0.032789
285,0,1.6528,0.18928
286,0,1.0222,0.57162
287,0,1.1699,0.9847
288,0,0.14136,0.13946
289,0,1.131,0.68834
290,0,0.95442,0.49028
291,0,0.85308,0.85687
292,0,0.15457,0.48623
293,0,0.49564,0.81236
294,0,1.7478,0.26358
295,0,0.52014,0.084799
296,0,1.0126,0.040663
297,0,0.80427,0.96231
298,0,0.84304,0.99169
299,0,0.36335,0.56381
300,0,0.1261,0.85265
301,0,1.6439,0.22093
302,0,1.4339,0.78492
303,0,1.469,0.65203
304,0,1.0165,0.41396
305,0,0.086198,0.83983
306,0,0.56328,0.77581
307,0,1.5059,0.949
308,0,1.2757,0.86958
309,0,0.51998,0.66452
310,0,1.0884,0.38002
311,0,1.2638,0.52029
312,0,0.26978,0.46032
313,0,1.965,0.28306
314,0,0.29899,0.39385
315,0,1.012,0.73517
316,0,1.0367,0.8467
317,0,1.7913,0.91255
318,0,1.6858,0.8495
319,0,1.4117,0.61913
320,0,1.072,0.086007
321,0,0.47056,0.35449
322,0,1.9449,0.8141
323,0,0.62483,0.82774
324,0,0.37559,0.52591
325,0,1.3914,0.22443
326,0,0.96778,0.92786
327,0,1.1478,0.79606
328,0,0.80626,0.93768
329,0,1.1612,0.17549
330,0,0.049746,0.11653
331,0,0.53077,0.12544
332,0,1.2431,0.61265
333,0,0.054572,0.2089
334,0,1.5137,0.90677
335,0,0.04342,0.52592
336,0,0.48246,0.062253
337,0,1.471,0.2654
338,0,0.092281,0.82377
339,0,1.3701,0.7868
340,0,0.65402,0.0062774
341,0,1.7261,0.53415
342,0,1.7982,0.74403
343,0,0.8998,0.51893
344,0,0.59346,0.028188
345,0,0.67232,0.2763
346,0,1.9128,0.14323
347,0,1.8361,0.33339
348,0,0.14525,0.24315
349,0,0.47639,0.50791
350,0,0.26779,0.43893
351,0,0.69225,0.031935
352,0,0.81643,0.92567
353,0,1.2104,0.39304
354,0,1.6393,0.013339
355,0,1.2414,0.17235
356,0,0.36092,0.59984
357,0,0.50807,0.17957
358,0,0.56609,0.48568
359,0,0.075797,0.6212
360,0,1.9666,0.72628
361,0,0.73456,0.3206
362,0,1.2197,0.4226
363,0,0.88511,0.69284
364,0,0.1115,0.11035
365,0,0.96313,0.32762
366,0,1.0377,0.70004
367,0,0.045815,0.39646
368,0,0.32477,0.56435
369,0,1.7615,0.029916
370,0,0.7976,0.76811
371,0,1.2412,0.71039
372,0,0.86957,0.90378
373,0,0.11609,0.70548
374,0,0.14972,0.95463
375,0,0.73987,0.75746
376,0,0.39457,0.80249
377,0,0.2824,0.82487
378,0,0.099448,0.55351
379,0,0.27295,0.70143
380,0,1.9698,0.91762
381,0,0.7688,0.54728
382,0,1.8582,0.16727
383,0,0.29395,0.29805
384,0,0.03584,0.51517
385,0,0.39865,0.34137
386,0,0.64446,0.83034
387,0,0.097844,0.35626
388,0,1.2192,0.64641
389,0,0.79925,0.77629
390,0,0.51472,0.43023
391,0,1.2234,0.0017597
392,0,1.5753,0.98417
393,0,1.6799,0.85698
394,0,1.3685,0.1025
395,0,1.9475,0.39821
396,0,0.479,0.53238
397,0,0.64256,0.85719
398,0,1.1817,0.33441
399,0,1.2743,0.055242
400,0,0.317,0.67587
401,0,1.3147,0.77203
402,0,1.0263,0.64332
403,0,1.8409,0.84492
404,0,0.77442,0.20962
405,0,0.53342,0.00012234
406,0,0.96256,0.82678
407,0,1.719,0.94635
408,0,1.2831,0.03092
409,0,1.7436,0.57484
410,0,0.13515,0.81468
411,0,1.8827,0.12995
412,0,0.26209,0.98264
413,0,0.49763,0.020308
414,0,1.2417,0.58399
415,0,1.3875,0.76379
416,0,1.9743,0.65809
417,0,0.61509,0.42662
418,0,1.9425,0.058537
419,0,1.8361,0.74611
420,0,0.86373,0.97564
421,0,0.78973,0.83062
422,0,1.3856,0.29298
423,0,0.34246,0.46612
424,0,1.7131,0.16854
425,0,0.76022,0.023403
426,0,0.64874,0.92567
427,0,0.75421,0.22482
428,0,0.63081,0.35005
429,0,1.312,0.497
430,0,0.37349,0.96692
431,0,1.559,0.90078
432,0,0.59375,0.48457
433,0,0.75098,0.2747
434,0,0.25648,0.68674
435,0,0.16044,0.93672
436,0,0.1402,0.86875
437,0,1.8652,0.57544
438,0,1.8577,0.045062
439,0,0.5832,0.4246
440,0,0.10432,0.61371
441,0,0.14658,0.40151
442,0,0.60928,0.76897
443,0,0.27877,0.48885
444,0,1.0041,0.05015
445,0,1.5857,0.805
446,0,1.9068,0.84232
447,0,0.93129,0.29413
448,0,1.5043,0.88371
449,0,0.72164,0.76564
450,0,1.9292,0.37629
451,0,1.8504,0.012967
452,0,1.0539,0.84511
453,0,0.031691,0.43261
454,0,0.036998,0.12413
455,0,0.026441,0.44765
456,0,1.0235,0.10657
457,0,1.998,0.62439
458,0,1.8061,0.86717
459,0,0.86119,0.5313
460,0,0.11951,0.57068
461,0,0.32061,0.81967
462,0,1.4578,0.3917
463,0,0.53818,0.84012
464,0,1.3791,0.94644
465,0,0.69279,0.47306
466,0,1.1685,0.07785
467,0,0.91299,0.42873
468,0,1.7793,0.80788
469,0,1.9779,0.57947
470,0,1.944,0.047782
471,0,0.14805,0.86122
472,0,1.8906,0.92688
473,0,0.63819,0.61226
474,0,1.2813,0.73867
475,0,0.15838,0.42799
476,0,0.0026681,0.4738
477,0,1.9403,0.52406
478,0,1.1585,0.6963
479,0,0.28218,0.92082
480,0,1.1431,0.34131
481,0,1.8388,0.3778
482,0,1.4772,0.55916
483,0,0.27714,0.33069
484,0,1.5516,0.99936
485,0,1.4933,0.15802
486,0,1.9133,0.51433
487,0,1.5732,0.13921
488,0,0.31355,0.62032
489,0,1.5029,0.88249
490,0,1.0712,0.91946
491,0,0.68409,0.45047
492,0,1.3028,0.6623
493,0,0.66721,0.4279
494,0,0.70579,0.35353
495,0,1.5755,0.044386
496,0,1.4621,0.60013
497,0,1.6421,0.39058
498,0,1.5379,0.46454
499,0,0.050592,0.78903
500,0,1.0028,0.28631
501,0,1.8291,0.81223
502,0,0.49082,0.063092
503,0,0.96801,0.2103
504,0,0.8648,0.62315
505,0,1.4164,0.36441
506,0,1.5911,0.18546
507,0,0.7253,0.39985
508,0,1.5555,0.54663
509,0,1.5103,0.83364
510,0,1.3663,0.4163
511,0,1.7225,0.075949
512,0,0.21256,0.36759
513,0,0.63575,0.58728
514,0,1.0307,0.32619
515,0,0.72325,0.48564
516,0,0.8205,0.2489
517,0,0.86726,0.73248
518,0,0.83594,0.34025
519,0,1.0066,0.93511
520,0,0.66096,0.77903
521,0,0.31963,0.99128
522,0,1.506,0.75453
523,0,1.0327,0.79358
524,0,1.7131,0.93061
525,0,0.35416,0.87328
526,0,1.3592,0.87381
527,0,0.79875,0.2139
528,0,1.12,0.91163
529,0,0.749,0.53035
530,0,0.077926,0.26879
531,0,0.71437,0.60714
532,0,1.2259,0.0084892
533,0,0.43646,0.42679
534,0,0.91399,0.36527
535,0,0.78007,0.5867
536,0,1.0667,0.57357
537,0,0.33247,0.42099
538,0,1.0025,0.38447
539,0,1.2271,0.36411
540,0,1.9733,0.57109
541,0,1.6141,0.96637
542,0,0.55739,0.95354
543,0,0.14897,0.25881
544,0,0.72851,0.53366
545,0,1.2791,0.45113
546,0,0.92365,0.52464
547,0,1.1109,0.14824
548,0,0.74425,0.86972
549,0,0.61152,0.19945
550,0,0.40058,0.99518
551,0,1.323,0.45362
552,0,1.3268,0.63017
553,0,0.03189,0.25686
554,0,0.62024,0.087214
555,0,1.5664,0.68859
556,0,1.1003,0.14003
557,0,1.7623,0.50382
558,0,0.093749,0.45776
559,0,1.0946,0.52789
560,0,1.6072,0.11587
561,0,0.50854,0.25136
562,0,0.63537,0.83709
563,0,0.51665,0.28915
564,0,1.94,0.018218
565,0,1.6218,0.64961
566,0,1.3533,0.022057
567,0,1.7523,0.20031
568,0,0.29748,0.27984
569,0,0.52741,0.80079
570,0,1.3708,0.04559
571,0,0.15648,0.97207
572,0,1.6457,0.97949
573,0,0.53773,0.088349
574,0,0.92277,0.9589
575,0,1.0183,0.1446
576,0,1.426,0.25136
577,0,0.48718,0.43726
578,0,1.9632,0.24983
579,0,1.7822,0.89132
580,0,0.27776,0.60046
581,0,1.7617,0.91515
582,0,0.53837,0.0057098
583,0,1.7635,0.90384
584,0,1.8985,0.90035
585,0,0.62241,0.68171
586,0,0.35067,0.79823
587,0,1.3305,0.098457
588,0,0.13532,0.044275
589,0,0.66894,0.59169
590,0,0.47007,0.88517
591,0,1.1401,0.74248
592,0,0.21155,0.028525
593,0,0.95977,0.0087886
594,0,0.036439,0.32168
595,0,0.40025,0.45153
596,0,0.52296,0.074833
597,0,1.0298,0.64843
598,0,0.28042,0.072519
599,0,1.7046,0.61595
600,0,1.0773,0.59684
601,0,1.8449,0.77595
602,0,1.5638,0.8125
603,0,1.8177,0.75288
604,0,0.25792,0.3019
605,0,1.2186,0.13253
606,0,1.0691,0.52511
607,0,1.9147,0.077372
608,0,1.5629,0.10356
609,0,1.6919,0.35606
610,0,0.59809,0.27127
611,0,0.79034,0.77969
612,0,0.022296,0.15373
613,0,1.672,0.11232
614,0,0.99821,0.64903
615,0,1.6522,0.034132
616,0,1.207,0.97358
617,0,1.4397,0.93107
618,0,1.4077,0.090207
619,0,1.5728,0.24057
620,0,0.65143,0.089241
621,0,0.25675,0.98984
622,0,0.44197,0.85506
623,0,1.4994,0.19986
624,0,1.3535,0.89018
625,0,0.50911,0.87283
626,0,1.8524,0.28037
627,0,1.2899,0.73033
628,0,1.5761,0.23884
629,0,0.65034,0.42257
630,0,0.020696,0.22006
631,0,1.3737,0.78303
632,0,1.5253,0.11215
633,0,1.8117,0.47386
634,0,1.4006,0.5027
635,0,1.17,0.020372
636,0,1.9441,0.17233
637,0,0.68133,0.87322
638,0,0.79557,0.79796
639,0,0.36101,0.27122
640,0,1.8075,0.27449
641,0,1.5233,0.98423
642,0,1.6914,0.030619
643,0,1.3903,0.00020093
644,0,0.6819,0.33091
645,0,1.8164,0.90791
646,0,0.7359,0.43431
647,0,0.78738,0.68884
648,0,1.6204,0.19542
649,0,0.85843,0.1363
650,0,0.92822,0.94912
651,0,0.18759,0.58017
652,0,0.43158,0.84017
653,0,0.66424,0.2122
654,0,0.54231,0.39647
655,0,1.1889,0.45361
656,0,1.9304,0.99072
657,0,1.7522,0.45931
658,0,1.1036,0.98323
659,0,1.4731,0.78996
660,0,1.392,0.093448
661,0,0.9544,0.11734
662,0,0.59783,0.52557
663,0,0.44319,0.78039
664,0,1.4698,0.95447
665,0,1.4248,0.46462
666,0,1.098,0.076532
667,0,0.74759,0.60452
668,0,0.90732,0.76536
669,0,0.53956,0.96402
670,0,0.4108,0.17601
671,0,0.75243,0.03592
672,0,1.5779,0.40717
673,0,0.36858,0.44438
674,0,0.22009,0.67046
675,0,1.5926,0.67432
676,0,0.49638,0.48178
677,0,0.45409,0.01269
678,0,0.72616,0.39068
679,0,1.1273,0.3176
680,0,1.971,0.32725
681,0,0.62837,0.19793
682,0,0.38454,0.11525
683,0,1.2192,0.4317
684,0,0.2434,0.05646
685,0,0.79723,0.13727
686,0,1.3435,0.40183
687,0,0.15836,0.21729
688,0,1.23,0.84579
689,0,1.571,0.19098
690,0,1.6803,0.15575
691,0,1.3541,0.15646
692,0,1.3235,0.56897
693,0,0.76499,0.71348
694,0,0.4593,0.58316
695,0,0.84771,0.58373
696,0,1.0464,0.34295
697,0,1.3578,0.20769
698,0,0.54569,0.9635
699,0,1.7536,0.042894
700,0,1.9651,0.78362
701,0,0.77606,0.15897
702,0,0.046911,0.98317
703,0,1.101,0.56148
704,0,1.0685,0.036986
705,0,0.10104,0.1481
706,0,1.1384,0.32586
707,0,0.20875,0.34152
708,0,0.94893,0.93952
709,0,1.3143,0.14017
710,0,0.33141,0.22347
711,0,1.4578,0.69866
712,0,1.9104,0.66533
713,0,1.5445,0.3521
714,0,0.91638,0.86617
715,0,1.5287,0.85225
716,0,0.37149,0.3694
717,0,1.5675,0.002852
718,0,1.7621,0.29014
719,0,0.78028,0.44244
720,0,1.4215,0.28939
721,0,1.7623,0.8846
722,0,0.87064,0.3576
723,0,1.5091,0.42553
724,0,1.0475,0.40523
725,0,1.3044,0.015147
726,0,1.7411,0.53226
727,0,0.8115,0.94751
728,0,1.0927,0.58552
729,0,0.13493,0.51302
730,0,0.12022,0.22443
731,0,0.89773,0.4892
732,0,0.4188,0.52988
733,0,0.043652,0.077489
734,0,0.0034591,0.21139
735,0,1.2983,0.39597
736,0,0.51176,0.47364
737,0,1.6477,0.12346
738,0,0.21214,0.19407
739,0,1.7664,0.85744
740,0,0.60508,0.061498
741,0,0.63219,0.17097
742,0,0.72682,0.2927
743,0,0.50569,0.89534
744,0,1.7693,0.60331
745,0,1.9966,0.96789
746,0,0.99596,0.062752
747,0,1.8318,0.62717
748,0,1.485,0.34347
749,0,1.9296,0.88495
750,0,0.10961,0.57316
751,0,1.8356,0.85957
752,0,1.7783,0.033306
753,0,0.33263,0.15642
754,0,1.7056,0.65645
755,0,0.82048,0.7426
756,0,1.866,0.6392
757,0,1.3832,0.22512
758,0,1.2752,0.083756
759,0,0.79995,0.66446
760,0,1.1495,0.94177
761,0,1.2444,0.15979
762,0,0.81606,0.9828
763,0,1.6071,0.31459
764,0,1.1436,0.28946
765,0,1.2202,0.81614
766,0,0.65368,0.91134
767,0,0.87793,0.15451
768,0,1.4032,0.95262
769,0,1.5811,0.60279
770,0,1.8342,0.53982
771,0,0.021783,0.90401
772,0,1.5468,0.89925
773,0,1.3355,0.66598
774,0,1.9529,0.069385
775,0,1.9893,0.46105
776,0,0.55159,0.31157
777,0,0.67554,0.97959
778,0,0.29694,0.90557
779,0,0.73104,0.32743
780,0,0.60341,0.6498
781,0,0.57854,0.23246
782,0,1.1252,0.99491
783,0,1.4771,0.23049
784,0,1.7762,0.76113
785,0,1.8045,0.8301
786,0,1.0175,0.52879
787,0,1.6574,0.15048
788,0,0.3227,0.57397
789,0,1.9191,0.54364
790,0,0.31966,0.12703
791,0,1.9764,0.93801
792,0,1.9377,0.69739
793,0,0.7068,0.12891
794,0,0.4817,0.11286
795,0,0.35457,0.40581
796,0,0.28159,0.64712
797,0,0.081673,0.27111
798,0,0.50067,0.1598
799,0,0.39902,0.46775
800,0,1.4658,0.32567
801,0,0.15633,0.9241
802,0,0.69713,0.9016
803,0,0.002163,0.058529
804,0,1.9177,0.44388
805,0,1.9876,0.40723
806,0,1.6361,0.81888
807,0,1.7029,0.17409
808,0,1.7581,0.87062
809,0,1.3768,0.96349
810,0,0.68266,0.16743
811,0,0.70391,0.12036
812,0,1.2499,0.55472
813,0,1.3403,0.96433
814,0,0.0055238,0.74348
815,0,0.88572,0.22866
816,0,1.9465,0.55999
817,0,1.5685,0.65369
818,0,1.2218,0.57782
819,0,0.9193,0.23237
820,0,0.57396,0.66497
821,0,0.066154,0.55382
822,0,1.7083,0.93081
823,0,0.24975,0.10478
824,0,0.19918,0.79224
825,0,1.2019,0.52147
826,0,0.64143,0.029446
827,0,1.5986,0.2864
828,0,0.26393,0.60022
829,0,0.51844,0.1893
830,0,1.9915,0.49158
831,0,1.9406,0.32617
832,0,1.4163,0.10535
833,0,0.26192,0.42748
834,0,1.2554,0.86899
835,0,0.23679,0.28539
836,0,1.5989,0.77304
837,0,1.2446,0.72092
838,0,0.095618,0.92558
839,0,0.15274,0.59179
840,0,1.9066,0.94585
841,0,1.9043,0.66823
842,0,0.29659,0.65459
843,0,0.5845,0.0080616
844,0,0.9792,0.75173
845,0,0.43921,0.49601
846,0,1.525,0.67026
847,0,0.55013,0.11572
848,0,1.8959,0.71964
849,0,1.3203,0.56421
850,0,1.4588,0.043804
851,0,1.3269,0.0064376
852,0,1.2547,0.91942
853,0,1.6576,0.87387
854,0,0.55216,0.68312
855,0,1.3848,0.80681
856,0,0.27363,0.66656
857,0,0.089685,0.20451
858,0,0.96289,0.33027
859,0,1.7805,0.38462
860,0,0.067716,0.79686
861,0,0.40307,0.079254
862,0,1.638,0.098051
863,0,1.1458,0.95237
864,0,0.19726,0.71123
865,0,1.9591,0.89792
866,0,1.6663,0.16336
867,0,0.51994,0.35863
868,0,1.8366,0.94959
869,0,1.7094,0.27729
870,0,0.86129,0.6705
871,0,0.24372,0.0027342
872,0,0.25867,0.68559
873,0,1.3898,0.8809
874,0,0.58961,0.8078
875,0,1.608,0.14769
876,0,1.9136,0.99667
877,0,0.42449,0.12217
878,0,1.4449,0.77166
879,0,1.1243,0.94959
880,0,1.7351,0.73578
881,0,0.52355,0.0052365
882,0,1.8475,0.86588
883,0,0.68386,0.42956
884,0,0.17457,0.82467
885,0,0.29632,0.85859
886,0,0.48583,0.49761
887,0,0.26443,0.68752
888,0,0.50323,0.60764
889,0,0.99804,0.3857
890,0,1.6409,0.74817
891,0,1.2272,0.87785
892,0,0.29274,0.666
893,0,1.9179,0.22456
894,0,1.651,0.62273
895,0,0.30478,0.69585
896,0,0.81888,0.85236
897,0,1.6616,0.21873
898,0,1.1777,0.065262
899,0,1.8728,0.61712
900,0,0.73526,0.47509
901,0,0.82516,0.87914
902,0,1.3158,0.80257
903,0,1.2756,0.23385
904,0,1.4796,0.41053
905,0,1.7335,0.59393
906,0,1.0443,0.18548
907,0,0.090112,0.17712
908,0,0.47842,0.76162
909,0,0.96998,0.32076
910,0,1.2091,0.88874
911,0,0.22212,0.63215
912,0,1.3754,0.21424
913,0,0.75149,0.28748
914,0,0.27335,0.073256
915,0,1.4917,0.46295
916,0,0.7857,0.43804
917,0,0.99707,0.87626
918,0,1.8318,0.33814
919,0,1.9101,0.51758
920,0,0.7665,0.81812
921,0,0.56612,0.92936
922,0,1.9392,0.27201
923,0,0.56958,0.98519
924,0,1.4324,0.31429
925,0,0.78642,0.6699
926,0,0.57008,0.64092
927,0,0.31755,0.27419
928,0,1.5418,0.86313
929,0,0.45375,0.6353
930,0,0.75173,0.85861
931,0,1.1313,0.9852
932,0,0.56857,0.28621
933,0,0.53773,0.7615
934,0,0.84772,0.96828
935,0,1.4002,0.49484
936,0,0.083159,0.44309
937,0,0.12624,0.28242
938,0,1.7497,0.015702
939,0,0.11973,0.32973
940,0,0.62381,0.31896
941,0,1.8727,0.047713
942,0,0.66176,0.68616
943,0,0.47496,0.26865
944,0,1.3356,0.75477
945,0,0.70519,0.093599
946,0,1.4912,0.30317
947,0,0.51075,0.73755
948,0,0.46659,0.76723
949,0,0.78021,0.20804
950,0,1.9097,0.80442
951,0,0.18278,0.00071236
952,0,1.1336,0.18383
953,0,0.35993,0.99269
954,0,1.3054,0.18588
955,0,1.2998,0.40705
956,0,1.7401,0.77263
957,0,1.4602,0.43514
958,0,0.49774,0.70916
959,0,1.2592,0.12437
960,0,1.8967,0.067373
961,0,1.2672,0.35849
962,0,1.2859,0.12367
963,0,1.8535,0.71859
964,0,1.388,0.64471
965,0,1.3434,0.50138
966,0,0.53841,0.067655
967,0,1.604,0.71596
968,0,1.7716,0.70978
969,0,1.3267,0.45675
970,0,0.16627,0.21174
971,0,1.2247,0.6184
972,0,1.1285,0.075909
973,0,1.7217,0.77838
974,0,1.4901,0.61568
975,0,0.042851,0.95694
976,0,1.0929,0.95683
977,0,0.51641,0.84011
978,0,1.6921,0.7406
979,0,1.0917,0.85742
980,0,1.2813,0.92213
981,0,0.32619,0.59693
982,0,0.052318,0.37993
983,0,1.8893,0.0090527
984,0,1.8495,0.10462
985,0,1.8206,0.17176
986,0,0.91372,0.30871
987,0,1.1703,0.38405
988,0,0.94495,0.089198
989,0,1.817,0.89105
990,0,0.67386,0.15734
991,0,1.0931,0.9778
992,0,1.887,0.40848
993,0,0.47117,0.82107
994,0,0.94897,0.13461
995,0,0.089513,0.13433
996,0,1.154,0.79057
997,0,1.0764,0.83488
998,0,1.4754,0.26627
999,0,1.5838,0.78956
1000,0,1.4473,0.91044
